-1.35   -0.00768406      0.01      8.83239e-05
-1.25   -0.00463734      0.01      0.000487091
-1.15   0.000152029      0.01      0.000346994
-1.05   0.00256879      0.01      0.000354751
-0.95   0.0033631      0.01      0.000418253
-0.85   0.00706839      0.01      0.00014579
-0.75   0.00732226      0.01      0.000377282
-0.65   0.00846652      0.01      0.000285725
-0.55   0.00930293      0.01      0.000223106
-0.45   0.0108412      0.01      8.2541e-05
-0.35   0.0123483      0.01      0.000184036
-0.25   0.0121777      0.01      0.000161487
-0.15   0.0135957      0.01      0.000680927
-0.05   0.014307      0.01      0.00170107
