-1.35   -0.00768406      0.01      0.00307913
-1.25   -0.00463734      0.01      0.000679301
-1.15   0.000152029      0.01      0.000610867
-1.05   0.00256879      0.01      0.00056016
-0.95   0.0033631      0.01      0.00052124
-0.85   0.00706839      0.01      0.000487701
-0.75   0.00732226      0.01      0.000455999
-0.65   0.00846652      0.01      0.000430601
-0.55   0.00930293      0.01      0.000427207
-0.45   0.0108412      0.01      0.000415792
-0.35   0.0123483      0.01      0.000396409
-0.25   0.0121777      0.01      0.000385763
-0.15   0.0135957      0.01      0.0003777
-0.05   0.014307      0.01      0.000416237
