-1.35   0.00290981      0.01      0.00220696
-1.25   0.00362498      0.01      0.000675371
-1.15   0.00566531      0.01      0.000365003
-1.05   0.0072329      0.01      0.000122212
-0.95   0.00993017      0.01      0.000142518
-0.85   0.0114693      0.01      0.00023871
-0.75   0.0138106      0.01      0.000276433
-0.65   0.0156404      0.01      0.000658434
-0.55   0.0166771      0.01      0.000281586
-0.45   0.0181635      0.01      0.000147732
-0.35   0.0187952      0.01      0.000232087
-0.25   0.0198239      0.01      0.000974731
-0.15   0.0198939      0.01      0.00158724
-0.05   0.0204419      0.01      0.00585857
