-1.35   0.0839884      0.01      0.00276743
-1.25   0.0713111      0.01      0.00105243
-1.15   0.0599727      0.01      0.00158056
-1.05   0.0518029      0.01      0.00146046
-0.95   0.0413143      0.01      0.00137989
-0.85   0.033308      0.01      0.00112884
-0.75   0.0264845      0.01      0.000935114
-0.65   0.0192432      0.01      0.000689053
-0.55   0.0144333      0.01      0.0006271
-0.45   0.00967774      0.01      0.000409669
-0.35   0.00680494      0.01      0.000572736
-0.25   0.00304194      0.01      0.000504285
-0.15   0.00160058      0.01      0.000542567
-0.05   -0.000784109      0.01      0.00121569
