-1.35   0.00290981      0.01      0.00150072
-1.25   0.00362498      0.01      0.000611106
-1.15   0.00566531      0.01      0.000551056
-1.05   0.0072329      0.01      0.000497826
-0.95   0.00993017      0.01      0.000458061
-0.85   0.0114693      0.01      0.000429079
-0.75   0.0138106      0.01      0.000404096
-0.65   0.0156404      0.01      0.000381482
-0.55   0.0166771      0.01      0.000366095
-0.45   0.0181635      0.01      0.000353919
-0.35   0.0187952      0.01      0.000341219
-0.25   0.0198239      0.01      0.000335681
-0.15   0.0198939      0.01      0.000332267
-0.05   0.0204419      0.01      0.00033105
