-1.35   0.0519959      0.01      0.000683374
-1.25   0.0429323      0.01      0.000278496
-1.15   0.0325905      0.01      0.000251211
-1.05   0.0238576      0.01      0.000227088
-0.95   0.01729      0.01      0.00020899
-0.85   0.0104705      0.01      0.000195803
-0.75   0.00637501      0.01      0.000184449
-0.65   0.00275977      0.01      0.000174142
-0.55   0.000277955      0.01      0.000167139
-0.45   -0.00144325      0.01      0.000161594
-0.35   -0.00184518      0.01      0.000155783
-0.25   -0.00252901      0.01      0.000153279
-0.15   -0.00253353      0.01      0.000151693
-0.05   -0.0025674      0.01      0.000151141
