-1.35   0.0839884      0.01      0.00139928
-1.25   0.0713111      0.01      0.000308646
-1.15   0.0599727      0.01      0.000277871
-1.05   0.0518029      0.01      0.000255026
-0.95   0.0413143      0.01      0.000237388
-0.85   0.033308      0.01      0.000222232
-0.75   0.0264845      0.01      0.000207832
-0.65   0.0192432      0.01      0.000196354
-0.55   0.0144333      0.01      0.000194797
-0.45   0.00967774      0.01      0.000189637
-0.35   0.00680494      0.01      0.00018081
-0.25   0.00304194      0.01      0.000175963
-0.15   0.00160058      0.01      0.000172335
-0.05   -0.000784109      0.01      0.000189929
