-1.35   0.0519959      0.01      0.00797438
-1.25   0.0429323      0.01      0.00175128
-1.15   0.0325905      0.01      0.00259632
-1.05   0.0238576      0.01      0.00236406
-0.95   0.01729      0.01      0.00224705
-0.85   0.0104705      0.01      0.00190201
-0.75   0.00637501      0.01      0.0016414
-0.65   0.00275977      0.01      0.00150124
-0.55   0.000277955      0.01      0.00167918
-0.45   -0.00144325      0.01      0.00117177
-0.35   -0.00184518      0.01      0.000968955
-0.25   -0.00252901      0.01      0.000807973
-0.15   -0.00253353      0.01      0.000300484
-0.05   -0.0025674      0.01      0.00049486
